# Generated by reconbot calibration.
model: "pinhole_radtan"
image_width: 1280
image_height: 720
camera_matrix: [[948.1477514638641, 0.0, 616.2816205130198], [0.0, 946.4540629725929, 383.7944020614197], [0.0, 0.0, 1.0]]
distortion_coefficients: [0.06525658722895289, -0.25454158273372585, -0.00941069594316749, -0.0035312380053451682, 0.2855331622256891]
reprojection_error_px: 0.8181625604629517
per_image_errors_px: [0.23385465145111084, 0.24866434931755066, 0.20103973150253296, 0.18298988044261932, 0.2788497805595398, 0.2769903838634491, 0.21529941260814667, 0.2676922380924225, 0.24612216651439667, 0.34923726320266724, 1.8713207244873047, 2.593012571334839, 0.2992439270019531, 0.2617965042591095, 0.3625107407569885, 0.35200369358062744, 0.30855846405029297]
metadata_board_cols: 7
metadata_board_rows: 7
metadata_square_size_m: 0.0301625
metadata_used_images: 17
metadata_rejected_images: 78
